Predict rumour: 5t1h6y
Title: 23-årig dansk pige har en dusør på $1 million på hendes hovede efter at have dræbt mange ISIS militanter
[[ 0  1  0  1]
 [ 1 13  0 17]
 [ 0  0  1  7]
 [ 2  5  1 96]]
Acc: 0.7586
F1: 0.3933
SDQC acc: [0.         0.41935484 0.125      0.92307692]
SDQC f1 : [0.0, 0.5200000000000001, 0.2, 0.8533333333333334]
True labels:
2,3,3,3,3,3,3,3,3,3,3,3,3,3,3,1,1,1,1,1,3,1,3,3,3,3,3,3,3,3,3,3,3,3,1,1,0,1,3,3,3,3,1,3,3,3,3,3,3,3,2,1,3,1,1,3,1,2,1,1,1,1,1,3,3,3,3,3,2,1,1,3,2,1,1,1,3,3,3,3,3,1,1,3,3,1,1,3,1,3,3,3,3,3,3,3,3,3,3,3,3,3,3,3,1,1,3,3,3,3,3,3,3,3,3,3,3,3,3,3,3,3,3,3,3,2,3,3,2,3,3,3,3,3,3,3,3,0,3,3,3,2,3,3,3
Predicted labels:
3,3,3,1,3,3,3,3,3,3,3,3,3,3,3,3,0,3,3,3,3,1,1,3,3,3,3,3,3,3,3,3,3,3,1,1,1,3,3,3,3,3,3,1,3,3,3,3,3,3,3,3,0,3,3,3,3,2,3,3,1,1,3,3,3,3,3,3,3,1,1,3,3,1,1,3,3,1,3,3,3,3,3,3,3,1,1,3,1,3,3,3,3,3,3,3,3,3,3,3,3,3,3,3,3,1,3,3,3,3,3,3,3,3,3,3,3,3,3,3,2,3,3,3,3,3,3,3,3,3,3,3,3,1,3,0,3,3,3,3,3,3,3,3,3
