Predict rumour: 6tm5kp
Title: Undersøgelser bekræfter: Ubåd blev angiveligt sunket bevidst
[[ 1  2  1  0]
 [ 0  0  0  0]
 [ 1  2  2  1]
 [ 3  6  1 61]]
Acc: 0.7901
F1: 0.3849
SDQC acc: [0.25              nan 0.33333333 0.85915493]
SDQC f1 : [0.22222222222222224, 0.0, 0.4, 0.9172932330827067]
True labels:
3,0,3,3,3,3,3,3,3,3,3,3,3,3,3,3,3,3,2,3,0,3,3,3,3,3,3,3,3,3,3,3,3,3,3,2,3,3,3,3,3,3,3,3,3,3,3,3,3,3,3,2,3,3,3,3,3,0,3,3,3,3,3,3,0,3,3,2,3,3,3,3,2,3,3,3,3,2,3,3,3
Predicted labels:
3,0,3,3,3,3,3,3,3,3,3,3,3,3,3,3,3,0,1,3,1,3,1,3,3,3,3,3,3,3,3,1,3,3,3,2,3,3,3,3,3,3,3,3,3,1,3,0,0,3,3,0,1,3,3,3,3,1,3,3,3,3,3,3,2,3,1,3,3,3,3,3,2,3,3,3,3,1,2,1,3
