Predict rumour: 6v1ivh
Title: Peter Madsen: Kim Wall døde i en ulykke på ubåden
[[  1   1   0   9]
 [  2   6   2  24]
 [  0   0   2   8]
 [ 10  13   2 189]]
Acc: 0.7361
F1: 0.3517
SDQC acc: [0.09090909 0.17647059 0.2        0.88317757]
SDQC f1 : [0.08333333333333334, 0.22222222222222224, 0.25, 0.8513513513513514]
True labels:
3,3,3,3,3,3,3,3,3,1,3,3,3,3,3,3,3,3,3,3,3,3,3,3,3,3,3,3,3,3,3,3,3,3,3,3,3,3,3,3,3,3,3,3,3,3,3,3,3,3,3,1,1,1,3,3,3,3,3,3,3,3,3,3,3,3,3,3,2,0,3,1,1,3,3,3,3,3,1,3,0,3,3,3,1,3,1,1,1,3,2,3,2,3,2,3,3,3,3,3,3,3,3,3,3,2,3,3,3,3,3,3,3,3,2,3,3,3,3,3,3,2,3,2,3,1,1,3,1,0,1,3,3,3,3,3,3,3,3,0,0,3,1,3,1,3,3,3,1,1,3,3,3,3,3,3,3,3,3,3,3,3,3,3,3,3,3,3,3,2,3,3,3,3,3,3,3,3,3,3,3,3,3,3,3,3,3,3,3,0,0,1,3,3,0,1,0,3,3,3,0,1,0,3,3,1,1,3,3,3,3,3,1,3,3,3,3,3,3,3,1,3,3,3,1,3,1,3,3,3,3,3,3,3,3,3,3,1,3,3,3,3,3,3,3,3,3,3,3,3,3,3,3,3,3,3,3,1,1,3,3,3,3,1,3,2,3,1,1
Predicted labels:
3,3,3,3,3,3,3,3,3,3,3,3,3,3,3,3,3,3,3,0,3,3,3,3,3,0,3,0,3,3,3,3,1,3,3,3,1,3,3,3,3,3,3,0,3,3,3,3,3,3,3,3,3,3,3,3,3,3,3,3,3,3,3,3,3,3,3,3,2,3,3,3,3,0,2,3,3,3,3,3,3,3,3,3,3,1,3,3,3,3,3,3,3,3,2,3,1,3,3,3,3,3,3,3,3,3,0,3,3,3,3,3,3,3,3,3,3,3,3,3,3,3,3,3,3,3,2,1,3,3,3,3,3,3,3,3,3,3,3,3,3,3,1,3,3,2,3,3,1,1,3,3,0,1,1,3,3,3,3,3,3,3,3,3,3,3,3,3,3,3,3,3,3,1,3,3,3,3,3,3,3,3,3,3,3,3,3,3,3,3,1,3,3,3,3,3,3,3,0,3,0,3,3,0,3,3,3,3,3,1,3,3,3,1,3,3,3,3,1,3,0,3,3,3,1,3,0,3,3,3,3,0,3,3,3,1,3,1,3,3,3,3,3,3,3,1,3,3,3,3,3,3,3,3,3,3,3,1,3,3,3,3,3,2,3,3,3,3,3
