Predict rumour: 76y6rb
Title: Björks FB post om Lars Von Trier (#MeToo)
[[ 0  1  0  0]
 [ 0  3  0  5]
 [ 0  0  2  1]
 [ 2  4  0 42]]
Acc: 0.7833
F1: 0.5125
SDQC acc: [0.         0.375      0.66666667 0.875     ]
SDQC f1 : [0.0, 0.375, 0.8, 0.875]
True labels:
3,3,3,3,3,3,1,3,1,3,1,3,1,3,3,3,3,3,3,2,1,3,3,3,3,3,3,3,3,1,1,2,1,3,3,3,3,2,3,3,3,3,3,3,3,3,3,0,3,3,3,3,3,3,3,3,3,3,3,3
Predicted labels:
3,1,3,3,1,3,1,3,1,3,3,3,1,3,3,3,3,3,3,2,3,3,3,3,3,0,3,3,3,3,3,3,3,3,3,3,3,2,3,3,3,3,3,3,3,3,3,1,3,1,3,3,3,3,1,0,3,3,3,3
