Predict rumour: 8agt1s
Title: Den vedholdende konspirationsteori: Har nogen udsat ulve i Nordjylland?
[[ 0  0  0  1]
 [ 0  0  0  3]
 [ 0  0  0  1]
 [ 1  1  0 48]]
Acc: 0.8727
F1: 0.2330
SDQC acc: [0.   0.   0.   0.96]
SDQC f1 : [0.0, 0.0, 0.0, 0.9320388349514563]
True labels:
0,1,1,3,1,3,3,3,3,3,3,3,3,3,3,3,3,3,3,3,3,3,3,3,3,3,3,3,3,3,3,3,3,3,3,3,3,3,3,3,3,3,3,3,3,3,3,3,2,3,3,3,3,3,3
Predicted labels:
3,3,3,3,3,0,3,3,3,3,3,3,3,3,3,3,3,3,3,3,3,3,3,3,3,3,3,3,3,3,3,1,3,3,3,3,3,3,3,3,3,3,3,3,3,3,3,3,3,3,3,3,3,3,3
