Predict rumour: 8k6lcb
Title: 16-årig blev anholdt for at råbe 'fuck Trump' til lovlig demonstration mod Trump
[[ 0  5  0 10]
 [ 0  1  0  4]
 [ 0  3  0  2]
 [ 1  4  1 65]]
Acc: 0.6875
F1: 0.2416
SDQC acc: [0.         0.2        0.         0.91549296]
SDQC f1 : [0.0, 0.1111111111111111, 0.0, 0.8552631578947367]
True labels:
0,3,3,3,3,3,3,3,2,3,1,3,0,0,3,3,3,3,0,3,3,3,1,3,3,0,3,0,3,3,3,2,3,1,3,3,3,3,3,3,3,3,3,3,3,3,3,3,3,0,3,3,3,3,3,3,3,3,0,3,3,0,3,3,3,3,0,3,2,3,3,3,3,3,3,1,3,0,3,0,3,3,3,3,3,3,2,3,0,3,2,3,3,0,0,1
Predicted labels:
3,3,3,3,3,3,3,3,1,3,3,3,3,3,3,1,3,3,1,1,3,3,3,3,3,1,3,3,3,3,3,1,3,3,3,3,3,3,3,3,3,3,3,3,3,3,3,3,3,3,3,3,3,0,3,3,3,3,3,3,3,3,3,3,3,3,3,3,1,3,3,3,3,3,3,3,3,1,3,1,3,3,3,1,3,3,3,3,1,3,3,2,1,3,3,1
