Predict rumour: a1gsmt
Title: Bjørn Lomborg: Du kan være vegetar af mange gode grunde - men klimaet er ikke en af dem
[[ 0  0  0  5]
 [ 1  3  0 11]
 [ 0  0  0  2]
 [ 4  3  0 68]]
Acc: 0.7320
F1: 0.2826
SDQC acc: [0.         0.2        0.         0.90666667]
SDQC f1 : [0.0, 0.28571428571428575, 0.0, 0.8447204968944099]
True labels:
3,3,3,1,1,3,3,3,3,3,3,3,3,3,3,3,3,0,1,3,3,3,3,3,0,3,3,3,3,3,1,3,3,3,1,3,0,1,3,3,3,1,3,3,1,3,3,3,3,3,3,3,3,3,3,1,3,3,3,3,3,3,3,3,1,3,3,3,1,3,1,1,3,3,3,3,3,0,0,3,3,3,3,3,1,3,3,3,3,3,3,3,2,1,2,3,3
Predicted labels:
3,3,3,3,3,3,3,3,3,0,3,1,3,3,3,3,3,3,3,3,3,3,3,3,3,3,3,3,3,3,3,3,3,0,3,3,3,1,3,3,3,1,3,3,0,3,3,3,3,3,3,3,3,3,1,3,3,3,3,3,3,3,3,3,3,3,3,3,3,3,3,3,3,3,3,3,3,3,3,3,3,3,3,0,1,3,3,3,3,3,3,0,3,3,3,1,3
