Predict rumour: a2fpjr
Title: Professor: Vegansk kost kan skade småbørns vækst
[[  4   1  11]
 [  2   4  19]
 [ 15  12 159]]
Acc: 0.7357
F1: 0.4182
SDQC acc: [0.25       0.16       0.85483871]
SDQC f1 : [0.2162162162162162, 0.19047619047619052, 0.0, 0.848]
True labels:
0,0,3,0,3,1,0,3,3,3,3,3,3,1,3,3,3,3,3,3,3,3,3,3,0,1,3,3,3,3,3,3,3,0,3,3,3,3,3,3,3,3,3,1,3,3,3,0,3,3,3,0,1,3,3,3,3,3,3,3,3,3,1,3,3,3,3,3,3,3,3,3,3,3,3,3,3,3,3,3,0,1,1,3,3,3,3,3,3,3,3,1,3,3,3,3,3,3,3,1,3,1,3,1,3,3,3,3,3,3,3,3,3,3,3,3,3,3,3,3,3,3,3,3,3,3,3,3,3,3,3,3,3,3,3,3,3,3,3,3,3,3,3,3,3,3,3,1,3,3,3,3,3,3,3,3,3,1,3,1,3,3,3,3,3,3,0,1,0,1,0,3,3,3,3,1,1,3,3,3,3,3,3,3,3,0,1,3,3,3,3,3,3,3,3,3,3,3,3,1,3,0,1,3,3,1,0,3,3,1,3,3,3,3,3,3,3,3,3,0,1,3,3,3,3,3,3
Predicted labels:
3,3,3,3,3,3,3,3,3,3,3,3,1,3,3,3,3,3,3,3,0,0,3,3,1,3,3,3,3,3,3,3,3,3,1,3,3,3,3,3,0,3,3,3,3,3,3,0,3,3,3,3,3,3,3,3,3,0,3,3,3,0,3,3,3,3,3,3,0,1,3,3,3,3,3,3,3,3,3,3,3,3,3,3,3,3,3,3,3,1,3,3,3,3,3,1,3,3,3,1,1,3,3,3,3,3,3,3,3,3,3,3,3,3,3,3,3,3,3,3,3,3,3,0,3,3,3,3,0,1,3,0,3,0,3,1,3,3,0,1,3,3,3,0,1,3,3,1,3,3,3,3,3,3,3,3,3,3,3,1,3,3,3,3,3,3,0,3,0,3,3,3,3,3,3,3,0,3,3,3,3,3,3,3,3,0,3,3,0,1,3,3,3,3,3,3,3,3,3,0,3,3,3,3,3,3,3,3,3,3,3,1,3,3,3,3,3,3,0,3,1,3,3,0,3,3,3
