Predict rumour: all
Title: All
[[  13   17    2   78]
 [  12   40    4  136]
 [   2    6   10   32]
 [  46   59   11 1021]]
Acc: 0.7280
F1: 0.3765
SDQC acc: [0.11818182 0.20833333 0.2        0.89797713]
SDQC f1 : [0.14207650273224043, 0.25477707006369427, 0.2597402597402597, 0.8494176372712147]
True labels:
2,3,3,3,2,0,3,1,3,3,3,0,3,3,3,1,3,3,0,3,3,3,3,3,3,3,0,1,0,1,3,3,3,3,1,3,3,0,1,3,3,0,3,3,3,3,3,3,3,3,3,3,3,0,3,3,3,3,3,3,3,3,3,3,3,3,3,1,3,3,3,3,1,3,3,3,3,3,3,3,0,1,3,3,3,3,3,3,3,3,0,3,3,2,2,3,3,3,3,1,0,2,3,1,3,0,3,0,0,3,3,3,3,1,3,1,3,3,3,3,1,1,1,1,3,3,1,1,3,3,1,3,3,3,1,3,1,1,3,3,1,1,3,3,3,1,1,1,3,3,3,3,3,3,3,3,3,0,3,0,1,3,3,3,3,3,1,0,3,3,3,3,1,0,3,3,3,3,3,3,1,3,0,3,1,3,0,3,1,1,0,1,3,1,3,3,3,3,3,3,3,3,3,3,3,3,3,3,3,3,3,3,3,3,3,3,3,3,0,3,3,3,0,3,0,1,0,3,3,3,1,1,3,3,3,3,1,1,3,0,3,3,3,3,3,3,3,3,3,3,3,3,3,3,0,3,0,3,3,3,3,1,0,3,0,3,0,1,0,1,0,1,0,1,0,3,1,3,3,3,3,3,0,3,3,3,3,3,3,3,2,3,1,3,0,0,3,3,3,3,0,3,3,3,1,3,3,0,3,0,3,3,3,2,3,1,3,3,3,3,3,3,3,3,3,3,3,3,3,3,3,0,3,3,3,3,3,3,3,3,0,3,3,0,3,3,3,3,0,3,2,3,3,3,3,3,3,1,3,0,3,0,3,3,3,3,3,3,2,3,0,3,2,3,3,0,0,1,2,3,3,3,3,3,3,3,3,3,3,3,3,3,3,1,1,1,1,1,3,1,3,3,3,3,3,3,3,3,3,3,3,3,1,1,0,1,3,3,3,3,1,3,3,3,3,3,3,3,2,1,3,1,1,3,1,2,1,1,1,1,1,3,3,3,3,3,2,1,1,3,2,1,1,1,3,3,3,3,3,1,1,3,3,1,1,3,1,3,3,3,3,3,3,3,3,3,3,3,3,3,3,3,1,1,3,3,3,3,3,3,3,3,3,3,3,3,3,3,3,3,3,3,3,2,3,3,2,3,3,3,3,3,3,3,3,0,3,3,3,2,3,3,3,1,3,1,1,0,1,3,3,3,1,3,1,1,3,3,3,3,1,3,3,1,3,3,3,3,3,3,1,1,3,3,3,3,3,3,3,3,3,3,3,3,0,1,3,3,3,3,3,0,3,3,3,3,3,1,3,3,3,1,3,0,1,3,3,3,1,3,3,1,3,3,3,3,3,3,3,3,3,3,1,3,3,3,3,3,3,3,3,1,3,3,3,1,3,1,1,3,3,3,3,3,0,0,3,3,3,3,3,1,3,3,3,3,3,3,3,2,1,2,3,3,0,0,3,0,3,1,0,3,3,3,3,3,3,1,3,3,3,3,3,3,3,3,3,3,0,1,3,3,3,3,3,3,3,0,3,3,3,3,3,3,3,3,3,1,3,3,3,0,3,3,3,0,1,3,3,3,3,3,3,3,3,3,1,3,3,3,3,3,3,3,3,3,3,3,3,3,3,3,3,3,0,1,1,3,3,3,3,3,3,3,3,1,3,3,3,3,3,3,3,1,3,1,3,1,3,3,3,3,3,3,3,3,3,3,3,3,3,3,3,3,3,3,3,3,3,3,3,3,3,3,3,3,3,3,3,3,3,3,3,3,3,3,3,3,3,3,3,1,3,3,3,3,3,3,3,3,3,1,3,1,3,3,3,3,3,3,0,1,0,1,0,3,3,3,3,1,1,3,3,3,3,3,3,3,3,0,1,3,3,3,3,3,3,3,3,3,3,3,3,1,3,0,1,3,3,1,0,3,3,1,3,3,3,3,3,3,3,3,3,0,1,3,3,3,3,3,3,3,3,3,3,3,3,1,3,1,3,1,3,1,3,3,3,3,3,3,2,1,3,3,3,3,3,3,3,3,1,1,2,1,3,3,3,3,2,3,3,3,3,3,3,3,3,3,0,3,3,3,3,3,3,3,3,3,3,3,3,3,3,1,3,1,1,1,3,3,3,1,3,1,2,1,3,1,3,1,3,3,2,1,1,3,2,3,3,3,3,3,3,0,3,3,3,3,3,3,3,3,3,3,3,3,3,3,3,3,2,3,0,3,3,3,3,3,3,3,3,3,3,3,3,3,3,2,3,3,3,3,3,3,3,3,3,3,3,3,3,3,3,2,3,3,3,3,3,0,3,3,3,3,3,3,0,3,3,2,3,3,3,3,2,3,3,3,3,2,3,3,3,3,3,3,3,3,3,3,3,3,1,3,3,3,3,3,3,3,3,3,3,3,3,3,3,3,3,3,3,3,3,3,3,3,3,3,3,3,3,3,3,3,3,3,3,3,3,3,3,3,3,3,1,1,1,3,3,3,3,3,3,3,3,3,3,3,3,3,3,2,0,3,1,1,3,3,3,3,3,1,3,0,3,3,3,1,3,1,1,1,3,2,3,2,3,2,3,3,3,3,3,3,3,3,3,3,2,3,3,3,3,3,3,3,3,2,3,3,3,3,3,3,2,3,2,3,1,1,3,1,0,1,3,3,3,3,3,3,3,3,0,0,3,1,3,1,3,3,3,1,1,3,3,3,3,3,3,3,3,3,3,3,3,3,3,3,3,3,3,3,2,3,3,3,3,3,3,3,3,3,3,3,3,3,3,3,3,3,3,3,0,0,1,3,3,0,1,0,3,3,3,0,1,0,3,3,1,1,3,3,3,3,3,1,3,3,3,3,3,3,3,1,3,3,3,1,3,1,3,3,3,3,3,3,3,3,3,3,1,3,3,3,3,3,3,3,3,3,3,3,3,3,3,3,3,3,3,3,1,1,3,3,3,3,1,3,2,3,1,1,2,0,3,3,3,3,3,3,3,3,3,2,0,3,2,0,2,3,3,3,3,3,2,3,3,3,3,0,0,3,3,3,3,3,3,3,0,3,0,2,3,0,0,0,0,0,3,3,3,1,3,1,3,3,3,3,3,3,3,0,3,3,3,3,3,3,3,3,3,3,3,3,3,3,3,3,3,3,3,3,0,0,3,3,3,3,3,3,3,3,3,3,0,3,3,3,3,3,3,3,3,3,3,3,3,3,3,3,0,3,3,2,3,3,1,3,3,3,3,0,3,0,0,1,1,3,1,3,3,3,3,3,3,3,3,3,3,3,3,3,3,3,3,3,3,3,3,3,3,3,3,3,3,3,3,3,3,3,3,3,3,3,3,3,3,3,3,3,3,3,2,3,3,3,3,3,3
Predicted labels:
0,3,3,1,3,1,3,1,0,3,0,3,3,3,3,3,3,0,3,3,3,3,3,3,3,3,3,1,3,1,3,3,3,3,3,0,3,0,0,3,3,3,3,3,3,3,3,3,3,3,3,3,3,3,3,3,3,3,3,3,3,3,3,3,3,3,3,3,3,1,0,3,3,3,3,3,3,1,3,3,3,3,3,3,3,3,3,3,3,3,3,3,3,1,3,3,3,3,3,3,3,3,3,0,3,3,3,3,3,3,3,3,3,3,1,3,3,3,3,3,3,3,0,3,3,3,3,1,3,3,3,3,0,3,3,3,3,3,3,3,0,1,3,3,3,3,3,0,3,3,3,3,3,3,3,3,3,3,3,0,3,3,3,3,3,3,0,0,3,3,3,3,3,3,1,3,3,3,2,3,3,3,0,3,3,3,1,3,3,3,3,3,3,3,3,3,3,3,3,3,3,3,3,3,3,3,3,3,3,3,3,1,3,3,3,3,3,3,3,3,3,2,3,3,1,3,3,3,3,2,3,3,3,3,3,3,3,1,3,3,3,3,3,3,3,3,3,3,3,0,3,3,3,3,1,3,0,3,3,1,3,3,0,3,3,3,0,3,3,3,3,3,3,3,1,3,3,2,3,3,3,3,3,3,3,3,3,3,3,3,1,3,3,3,3,3,3,1,3,3,1,1,3,3,3,3,3,1,3,3,3,3,3,1,3,3,3,3,3,3,3,3,3,3,3,3,3,3,3,3,3,3,3,3,3,0,3,3,3,3,3,3,3,3,3,3,3,3,3,3,1,3,3,3,3,3,3,3,3,1,3,1,3,3,3,1,3,3,3,3,1,3,3,2,1,3,3,1,3,3,3,1,3,3,3,3,3,3,3,3,3,3,3,3,0,3,3,3,3,1,1,3,3,3,3,3,3,3,3,3,3,3,1,1,1,3,3,3,3,3,3,1,3,3,3,3,3,3,3,3,0,3,3,3,3,2,3,3,1,1,3,3,3,3,3,3,3,1,1,3,3,1,1,3,3,1,3,3,3,3,3,3,3,1,1,3,1,3,3,3,3,3,3,3,3,3,3,3,3,3,3,3,3,1,3,3,3,3,3,3,3,3,3,3,3,3,3,3,2,3,3,3,3,3,3,3,3,3,3,3,3,1,3,0,3,3,3,3,3,3,3,3,3,1,3,2,3,3,3,3,3,3,3,3,1,3,3,3,3,2,1,3,3,2,3,3,3,3,3,3,3,3,3,3,3,3,0,3,1,3,3,3,3,3,3,3,3,3,3,3,3,3,3,3,3,3,3,3,3,3,0,3,3,3,1,3,3,3,1,3,3,0,3,3,3,3,3,3,3,3,3,1,3,3,3,3,3,3,3,3,3,3,3,3,3,3,3,3,3,3,3,3,3,3,3,3,3,3,3,3,0,1,3,3,3,3,3,3,0,3,3,3,1,3,3,3,3,3,3,3,3,3,3,3,3,3,1,3,3,3,3,3,3,3,0,0,3,3,1,3,3,3,3,3,3,3,3,3,1,3,3,3,3,3,0,3,3,3,3,3,3,0,3,3,3,3,3,3,3,3,3,0,3,3,3,0,3,3,3,3,3,3,0,1,3,3,3,3,3,3,3,3,3,3,3,3,3,3,3,3,3,3,3,1,3,3,3,3,3,1,3,3,3,1,1,3,3,3,3,3,3,3,3,3,3,3,3,3,3,3,3,3,3,3,3,3,3,0,3,3,3,3,0,1,3,0,3,0,3,1,3,3,0,1,3,3,3,0,1,3,3,1,3,3,3,3,3,3,3,3,3,3,3,1,3,3,3,3,3,3,0,3,0,3,3,3,3,3,3,3,0,3,3,3,3,3,3,3,3,0,3,3,0,1,3,3,3,3,3,3,3,3,3,0,3,3,3,3,3,3,3,3,3,3,3,1,3,3,3,3,3,3,0,3,1,3,3,0,3,3,3,3,1,3,3,1,3,1,3,1,3,3,3,1,3,3,3,3,3,3,2,3,3,3,3,3,0,3,3,3,3,3,3,3,3,3,3,3,2,3,3,3,3,3,3,3,3,3,1,3,1,3,3,3,3,1,0,3,3,3,3,3,3,3,3,3,3,3,3,3,3,3,3,3,3,3,3,3,3,3,3,1,3,3,3,3,3,3,3,3,3,3,3,0,3,3,3,3,3,3,3,3,3,3,3,3,3,3,3,0,1,3,1,3,1,3,3,3,3,3,3,3,3,1,3,3,3,2,3,3,3,3,3,3,3,3,3,1,3,0,0,3,3,0,1,3,3,3,3,1,3,3,3,3,3,3,2,3,1,3,3,3,3,3,2,3,3,3,3,1,2,1,3,3,3,3,3,3,3,3,3,3,3,3,3,3,3,3,3,3,3,3,0,3,3,3,3,3,0,3,0,3,3,3,3,1,3,3,3,1,3,3,3,3,3,3,0,3,3,3,3,3,3,3,3,3,3,3,3,3,3,3,3,3,3,3,3,3,3,3,3,2,3,3,3,3,0,2,3,3,3,3,3,3,3,3,3,3,1,3,3,3,3,3,3,3,3,2,3,1,3,3,3,3,3,3,3,3,3,0,3,3,3,3,3,3,3,3,3,3,3,3,3,3,3,3,3,3,3,2,1,3,3,3,3,3,3,3,3,3,3,3,3,3,3,1,3,3,2,3,3,1,1,3,3,0,1,1,3,3,3,3,3,3,3,3,3,3,3,3,3,3,3,3,3,3,1,3,3,3,3,3,3,3,3,3,3,3,3,3,3,3,3,1,3,3,3,3,3,3,3,0,3,0,3,3,0,3,3,3,3,3,1,3,3,3,1,3,3,3,3,1,3,0,3,3,3,1,3,0,3,3,3,3,0,3,3,3,1,3,1,3,3,3,3,3,3,3,1,3,3,3,3,3,3,3,3,3,3,3,1,3,3,3,3,3,2,3,3,3,3,3,3,3,3,3,3,3,3,3,3,3,3,2,3,3,3,3,2,3,3,3,3,3,2,1,3,3,3,2,3,3,2,3,3,3,3,3,3,3,3,3,3,3,3,3,3,3,3,3,3,3,3,3,3,3,3,3,3,3,3,3,3,3,3,1,3,3,3,3,3,3,3,3,3,3,3,3,3,3,3,3,3,3,3,3,3,3,3,3,3,3,3,3,3,3,3,3,3,1,0,3,3,3,3,3,3,3,3,3,1,3,3,3,3,3,1,3,3,3,3,3,3,3,3,3,3,3,3,0,3,3,3,3,3,3,3,3,3,3,3,3,3,3,3,3,3,3,3,3,3,3,3,3,3,1,3,3,3,3,3,3,3,3,3,3,3,3,3,3,3,3,3,3,3,3,3,3,3
