Predict rumour: b2xrgd
Title: Det er ikke alle, som glæder sig til 5G.
[[ 0  0  0  7]
 [ 1  0  0  5]
 [ 0  1  0  2]
 [ 1  3  0 53]]
Acc: 0.7260
F1: 0.2137
SDQC acc: [0.         0.         0.         0.92982456]
SDQC f1 : [0.0, 0.0, 0.0, 0.8548387096774193]
True labels:
3,3,3,3,3,3,3,3,3,3,3,0,3,3,3,3,3,3,3,3,3,3,3,3,3,1,3,3,3,3,1,3,3,3,3,3,3,3,0,1,3,3,3,3,3,3,3,3,0,3,3,2,2,3,3,3,3,1,0,2,3,1,3,0,3,0,0,3,3,3,3,1,3
Predicted labels:
3,3,3,3,3,3,3,3,3,3,3,3,3,3,3,3,3,3,3,3,3,3,3,3,3,3,3,1,0,3,3,3,3,3,3,1,3,3,3,3,3,3,3,3,3,3,3,3,3,3,3,1,3,3,3,3,3,3,3,3,3,0,3,3,3,3,3,3,3,3,3,3,1
