Predict rumour: b7ohqt
Title: De ansatte i DSB melder om arbejdsnedlæggelse 1. april.
[[ 0  1  0  6]
 [ 0  1  0  2]
 [ 0  0  0  1]
 [ 1  2  0 59]]
Acc: 0.8219
F1: 0.2984
SDQC acc: [0.         0.33333333 0.         0.9516129 ]
SDQC f1 : [0.0, 0.28571428571428575, 0.0, 0.9076923076923077]
True labels:
1,3,1,3,3,3,3,3,3,3,0,3,3,3,3,3,3,3,3,3,3,3,3,3,3,3,3,3,3,3,3,0,0,3,3,3,3,3,3,3,3,3,3,0,3,3,3,3,3,3,3,3,3,3,3,3,3,3,3,0,3,3,2,3,3,1,3,3,3,3,0,3,0
Predicted labels:
3,3,3,3,3,3,3,3,3,3,3,3,3,3,1,3,3,3,3,3,3,3,3,3,3,3,3,3,3,3,3,3,3,3,3,3,3,3,3,3,3,3,3,3,3,3,3,3,1,0,3,3,3,3,3,3,3,3,3,1,3,3,3,3,3,1,3,3,3,3,3,3,3
