Predict rumour: bb9iqt
Title: Uffe Elbæk er bekymret over de "sundhedsmæssige konsekvenser" af 5G-netværket
[[ 3  2  0  6]
 [ 4  3  0 23]
 [ 0  0  0  0]
 [ 1  2  3 76]]
Acc: 0.6667
F1: 0.3227
SDQC acc: [0.27272727 0.1               nan 0.92682927]
SDQC f1 : [0.3157894736842105, 0.16216216216216217, 0.0, 0.8128342245989305]
True labels:
1,3,3,3,3,1,1,1,1,3,3,1,1,3,3,1,3,3,3,1,3,1,1,3,3,1,1,3,3,3,1,1,1,3,3,3,3,3,3,3,3,3,0,3,0,1,3,3,3,3,3,1,0,3,3,3,3,1,0,3,3,3,3,3,3,1,3,0,3,1,3,0,3,1,1,0,1,3,1,3,3,3,3,3,3,3,3,3,3,3,3,3,3,3,3,3,3,3,3,3,3,3,3,0,3,3,3,0,3,0,1,0,3,3,3,1,1,3,3,3,3,1,1
Predicted labels:
3,3,3,3,3,3,3,0,3,3,3,3,1,3,3,3,3,0,3,3,3,3,3,3,3,0,1,3,3,3,3,3,0,3,3,3,3,3,3,3,3,3,3,3,0,3,3,3,3,3,3,0,0,3,3,3,3,3,3,1,3,3,3,2,3,3,3,0,3,3,3,1,3,3,3,3,3,3,3,3,3,3,3,3,3,3,3,3,3,3,3,3,3,3,3,3,1,3,3,3,3,3,3,3,3,3,2,3,3,1,3,3,3,3,2,3,3,3,3,3,3,3,1
